(48.0, 32.7, 42.4)
(63.0, 32.7, 42.4)
(78.0, 32.7, 42.4)
(92.0, 33.6, 43.3)
(107.0, 34.5, 44.1)
(122.0, 34.5, 44.1)
(136.0, 34.5, 44.1)
(151.0, 34.5, 44.1)
(163.0, 34.5, 44.1)
(174.0, 34.5, 44.1)
(189.0, 34.5, 44.1)
(203.0, 34.5, 44.1)
(215.0, 34.5, 44.1)
(230.0, 34.5, 44.1)
(245.0, 34.5, 44.1)
(259.0, 34.5, 44.1)
(274.0, 34.5, 44.1)
(289.0, 34.5, 44.1)
(304.0, 34.5, 44.1)
(318.0, 34.5, 44.1)
(333.0, 34.5, 44.1)
(344.0, 34.5, 44.1)
(357.0, 34.5, 44.1)
(372.0, 34.5, 44.1)
(381.0, 34.6, 44.1)
(393.0, 34.6, 44.1)
(408.0, 34.6, 44.1)
(422.0, 34.6, 44.1)
(437.0, 34.6, 44.1)
(452.0, 34.6, 44.1)
(467.0, 34.6, 44.1)
(481.0, 34.6, 44.1)
(495.0, 34.6, 44.1)
(509.0, 34.6, 44.1)
(524.0, 34.6, 44.1)
(537.0, 34.6, 44.1)
(552.0, 34.6, 44.1)
(566.0, 34.6, 44.1)
(581.0, 34.6, 44.1)
(596.0, 34.6, 44.1)
(611.0, 34.6, 44.1)
(625.0, 34.6, 44.1)
(640.0, 34.6, 44.1)
(655.0, 34.6, 44.1)
(670.0, 34.6, 44.1)
(685.0, 34.7, 44.3)
(694.0, 34.7, 44.3)
(709.0, 34.7, 44.3)
(718.0, 34.7, 44.3)
(732.0, 34.7, 44.3)
(747.0, 34.7, 44.3)
(762.0, 34.7, 44.3)
(777.0, 34.7, 44.3)
(791.0, 34.7, 44.3)
(804.0, 34.7, 44.3)
(819.0, 34.7, 44.3)
(833.0, 34.7, 44.3)
(847.0, 34.7, 44.3)
(856.0, 34.7, 44.3)
(869.0, 34.7, 44.3)
(881.0, 34.7, 44.3)
(894.0, 34.7, 44.3)
(909.0, 34.7, 44.3)
(923.0, 34.7, 44.3)
(936.0, 34.7, 44.3)
(951.0, 34.7, 44.3)
(965.0, 34.7, 44.3)
(980.0, 34.7, 44.3)
(993.0, 34.7, 44.3)
(1006.0, 34.7, 44.3)
(1017.0, 34.7, 44.3)
(1032.0, 34.7, 44.3)
(1045.0, 34.7, 44.3)
(1055.0, 34.7, 44.3)
(1070.0, 34.7, 44.3)
(1084.0, 34.7, 44.3)
(1093.0, 34.7, 44.3)
(1107.0, 34.7, 44.3)
(1122.0, 34.7, 44.3)
(1137.0, 34.7, 44.3)
(1151.0, 34.7, 44.3)
(1166.0, 34.7, 44.3)
(1180.0, 34.7, 44.3)
(1195.0, 34.7, 44.3)
(1210.0, 34.7, 44.3)
(1220.0, 34.7, 44.3)
(1234.0, 34.7, 44.3)
(1249.0, 34.7, 44.3)
(1263.0, 34.7, 44.3)
(1277.0, 34.7, 44.3)
(1291.0, 34.7, 44.3)
(1300.0, 34.7, 44.3)
(1309.0, 34.7, 44.3)
(1323.0, 34.7, 44.3)
(1334.0, 34.7, 44.3)
(1348.0, 34.7, 44.3)
(1361.0, 34.7, 44.3)
(1370.0, 34.7, 44.3)
(1384.0, 34.7, 44.3)
(1397.0, 34.7, 44.3)
(1409.0, 34.7, 44.3)
(1424.0, 34.7, 44.3)
(1438.0, 34.7, 44.3)
(1451.0, 34.7, 44.3)
(1460.0, 34.7, 44.3)
(1469.0, 34.7, 44.3)
(1478.0, 34.7, 44.3)
(1489.0, 34.7, 44.3)
(1499.0, 34.7, 44.3)
(1511.0, 34.7, 44.3)
(1526.0, 34.7, 44.3)
(1535.0, 34.7, 44.3)
(1545.0, 34.7, 44.3)
(1554.0, 34.7, 44.3)
(1563.0, 34.7, 44.3)
(1576.0, 34.7, 44.3)
(1585.0, 34.7, 44.3)
(1595.0, 34.7, 44.3)
(1607.0, 34.7, 44.3)
(1616.0, 34.7, 44.3)
(1625.0, 34.7, 44.3)
(1634.0, 34.7, 44.3)
(1645.0, 34.7, 44.3)
(1654.0, 34.7, 44.3)
(1666.0, 34.7, 44.3)
(1680.0, 34.7, 44.3)
(1692.0, 34.7, 44.3)
(1702.0, 34.7, 44.3)
(1711.0, 34.7, 44.3)
(1721.0, 34.7, 44.3)
(1730.0, 34.7, 44.3)
(1739.0, 34.7, 44.3)
(1754.0, 34.7, 44.3)
(1769.0, 34.7, 44.3)
(1779.0, 34.7, 44.3)
(1794.0, 34.7, 44.3)
(1807.0, 34.7, 44.3)
(1821.0, 34.7, 44.3)
(1836.0, 34.7, 44.3)
(1846.0, 34.7, 44.3)
(1860.0, 34.7, 44.3)
(1871.0, 34.7, 44.3)
(1880.0, 34.7, 44.3)
(1895.0, 34.7, 44.3)
(1909.0, 34.7, 44.3)
(1924.0, 34.7, 44.3)
(1936.0, 34.7, 44.3)
(1951.0, 34.7, 44.3)
(1965.0, 34.7, 44.3)
(1978.0, 34.7, 44.3)
(1993.0, 34.7, 44.3)
(2008.0, 34.7, 44.3)
(2022.0, 34.7, 44.3)
(2037.0, 34.7, 44.3)
(2052.0, 34.7, 44.3)
(2062.0, 34.7, 44.3)
(2076.0, 34.7, 44.3)
(2091.0, 34.7, 44.3)
(2106.0, 34.7, 44.3)
(2120.0, 34.7, 44.3)
(2135.0, 34.7, 44.3)
(2149.0, 34.7, 44.3)
(2162.0, 34.7, 44.3)
(2175.0, 34.7, 44.3)
(2189.0, 34.7, 44.3)
(2204.0, 34.7, 44.3)
(2213.0, 34.7, 44.3)
(2222.0, 34.7, 44.3)
(2236.0, 34.7, 44.3)
(2251.0, 34.7, 44.3)
(2264.0, 34.7, 44.3)
(2278.0, 34.7, 44.3)
(2292.0, 34.7, 44.3)
(2307.0, 34.7, 44.3)
(2322.0, 34.7, 44.3)
(2335.0, 34.7, 44.3)
(2350.0, 34.7, 44.3)
(2365.0, 34.7, 44.3)
(2379.0, 34.7, 44.3)
(2394.0, 34.8, 44.3)
(2409.0, 34.8, 44.3)
(2420.0, 34.8, 44.3)
(2429.0, 34.8, 44.3)
(2444.0, 34.8, 44.3)
(2458.0, 34.8, 44.3)
(2473.0, 34.8, 44.3)
(2487.0, 34.8, 44.3)
(2502.0, 34.8, 44.3)
(2511.0, 34.8, 44.3)
(2520.0, 34.8, 44.3)
(2534.0, 34.8, 44.3)
(2548.0, 34.8, 44.3)
(2563.0, 34.8, 44.3)
(2578.0, 34.8, 44.3)
(2588.0, 34.8, 44.3)
(2603.0, 34.8, 44.3)
(2618.0, 34.8, 44.3)
(2632.0, 34.8, 44.3)
(2647.0, 34.8, 44.3)
(2662.0, 34.8, 44.3)
(2676.0, 34.8, 44.3)
(2689.0, 34.8, 44.3)
(2703.0, 34.8, 44.3)
(2718.0, 34.8, 44.3)
(2732.0, 34.8, 44.3)
(2743.0, 34.8, 44.3)
(2758.0, 34.8, 44.3)
(2771.0, 34.8, 44.3)
(2785.0, 34.8, 44.3)
(2800.0, 34.8, 44.3)
(2815.0, 34.8, 44.3)
(2829.0, 34.8, 44.3)
(2841.0, 34.8, 44.3)
(2852.0, 34.8, 44.3)
(2861.0, 34.8, 44.3)
(2870.0, 34.8, 44.3)
(2879.0, 34.8, 44.3)
(2894.0, 34.8, 44.3)
(2908.0, 34.8, 44.3)
(2923.0, 34.8, 44.3)
(2935.0, 34.8, 44.3)
(2944.0, 34.8, 44.3)
(2959.0, 34.9, 44.3)
(2973.0, 34.9, 44.3)
(2982.0, 34.9, 44.3)
(2991.0, 34.9, 44.3)
(3006.0, 34.9, 44.3)
(3015.0, 34.9, 44.3)
(3025.0, 34.9, 44.3)
(3037.0, 34.9, 44.3)
(3046.0, 34.9, 44.3)
(3060.0, 34.9, 44.3)
(3070.0, 34.9, 44.3)
(3084.0, 34.9, 44.3)
(3097.0, 34.9, 44.3)
(3111.0, 34.9, 44.3)
(3126.0, 34.9, 44.3)
(3141.0, 34.9, 44.3)
(3155.0, 34.9, 44.3)
(3169.0, 34.9, 44.3)
(3184.0, 34.9, 44.3)
(3198.0, 34.9, 44.3)
(3213.0, 34.9, 44.3)
(3222.0, 34.9, 44.3)
(3237.0, 34.9, 44.3)
(3252.0, 34.9, 44.3)
(3265.0, 34.9, 44.3)
(3279.0, 34.9, 44.3)
(3293.0, 34.9, 44.3)
(3306.0, 34.9, 44.3)
(3317.0, 34.9, 44.3)
(3328.0, 34.9, 44.3)
(3342.0, 34.9, 44.3)
(3357.0, 34.9, 44.3)
(3372.0, 34.9, 44.3)
(3386.0, 34.9, 44.3)
(3400.0, 34.9, 44.3)
(3410.0, 34.9, 44.3)
(3425.0, 34.9, 44.3)
(3437.0, 34.9, 44.3)
(3450.0, 34.9, 44.3)
(3462.0, 34.9, 44.3)
(3477.0, 34.9, 44.3)
(3491.0, 34.9, 44.3)
(3506.0, 34.9, 44.3)
(3521.0, 34.9, 44.3)
(3535.0, 34.9, 44.3)
(3550.0, 34.9, 44.3)
(3564.0, 34.9, 44.3)
(3579.0, 34.9, 44.3)
(3593.0, 34.9, 44.3)
(3607.0, 34.9, 44.3)
(3622.0, 34.9, 44.3)
(3636.0, 34.9, 44.3)
(3651.0, 34.9, 44.3)
(3665.0, 34.9, 44.3)
(3680.0, 34.9, 44.3)
(3689.0, 34.9, 44.3)
(3704.0, 34.9, 44.3)
(3718.0, 34.9, 44.3)
(3733.0, 34.9, 44.3)
(3747.0, 34.9, 44.3)
(3762.0, 34.9, 44.3)
(3777.0, 34.9, 44.3)
(3790.0, 34.9, 44.3)
(3801.0, 34.9, 44.3)
(3813.0, 34.9, 44.3)
(3827.0, 34.9, 44.3)
(3842.0, 34.9, 44.3)
(3855.0, 34.9, 44.3)
(3870.0, 34.9, 44.3)
(3881.0, 34.9, 44.3)
(3896.0, 34.9, 44.3)
(3909.0, 34.9, 44.3)
(3924.0, 34.9, 44.3)
(3938.0, 34.9, 44.3)
(3953.0, 34.9, 44.3)
(3963.0, 34.9, 44.3)
(3976.0, 34.9, 44.3)
(3991.0, 34.9, 44.3)
(4005.0, 34.9, 44.3)
(4020.0, 34.9, 44.3)
(4035.0, 34.9, 44.3)
(4050.0, 34.9, 44.3)
(4064.0, 34.9, 44.3)
(4078.0, 34.9, 44.3)
(4092.0, 34.9, 44.3)
(4107.0, 34.9, 44.3)
(4122.0, 34.9, 44.3)
(4136.0, 34.9, 44.3)
(4151.0, 34.9, 44.3)
(4165.0, 34.9, 44.3)
(4180.0, 34.9, 44.3)
(4195.0, 34.9, 44.3)
(4208.0, 34.9, 44.3)
(4220.0, 34.9, 44.3)
(4229.0, 34.9, 44.3)
(4244.0, 34.9, 44.3)
(4253.0, 34.9, 44.3)
(4268.0, 34.9, 44.3)
(4282.0, 34.9, 44.3)
(4297.0, 34.9, 44.3)
(4312.0, 34.9, 44.3)
(4326.0, 34.9, 44.3)
(4341.0, 34.9, 44.3)
(4355.0, 34.9, 44.3)
(4369.0, 34.9, 44.3)
(4384.0, 34.9, 44.3)
(4398.0, 34.9, 44.3)
(4412.0, 34.9, 44.3)
(4427.0, 34.9, 44.3)
(4436.0, 34.9, 44.3)
(4450.0, 34.9, 44.3)
(4465.0, 34.9, 44.3)
(4480.0, 34.9, 44.3)
(4489.0, 34.9, 44.3)
(4504.0, 34.9, 44.3)
(4518.0, 34.9, 44.3)
(4528.0, 34.9, 44.3)
(4537.0, 34.9, 44.3)
(4547.0, 34.9, 44.3)
(4561.0, 34.9, 44.3)
(4573.0, 34.9, 44.3)
(4585.0, 34.9, 44.3)
(4597.0, 34.9, 44.3)
(4608.0, 34.9, 44.3)
(4623.0, 34.9, 44.3)
(4636.0, 34.9, 44.3)
(4646.0, 34.9, 44.3)
(4655.0, 34.9, 44.3)
(4664.0, 34.9, 44.3)
(4673.0, 34.9, 44.3)
(4688.0, 34.9, 44.3)
(4702.0, 34.9, 44.3)
(4717.0, 34.9, 44.3)
(4732.0, 34.9, 44.3)
(4747.0, 34.9, 44.3)
(4761.0, 34.9, 44.3)
(4776.0, 34.9, 44.3)
(4791.0, 34.9, 44.3)
(4804.0, 34.9, 44.3)
(4819.0, 34.9, 44.3)
(4833.0, 34.9, 44.3)
(4848.0, 34.9, 44.3)
(4863.0, 34.9, 44.3)
(4878.0, 34.9, 44.3)
(4892.0, 34.9, 44.3)
(4907.0, 34.9, 44.3)
(4922.0, 34.9, 44.3)
(4936.0, 34.9, 44.3)
(4951.0, 34.9, 44.3)
(4965.0, 34.9, 44.3)
(4980.0, 34.9, 44.3)
(4995.0, 34.9, 44.3)
(5010.0, 34.9, 44.3)
(5025.0, 34.9, 44.3)
(5037.0, 34.9, 44.3)
(5050.0, 34.9, 44.3)
(5065.0, 34.9, 44.3)
(5078.0, 34.9, 44.3)
(5093.0, 34.9, 44.3)
(5108.0, 34.9, 44.3)
(5121.0, 34.9, 44.3)
(5136.0, 34.9, 44.3)
(5151.0, 34.9, 44.3)
(5166.0, 34.9, 44.3)
(5180.0, 34.9, 44.3)
(5195.0, 34.9, 44.3)
(5209.0, 34.9, 44.3)
(5219.0, 34.9, 44.3)
(5233.0, 34.9, 44.3)
(5248.0, 34.9, 44.3)
(5263.0, 34.9, 44.3)
(5276.0, 34.9, 44.3)
(5291.0, 34.9, 44.3)
(5305.0, 34.9, 44.3)
(5320.0, 34.9, 44.3)
(5335.0, 34.9, 44.3)
(5348.0, 34.9, 44.3)
(5357.0, 34.9, 44.3)
(5372.0, 34.9, 44.3)
(5387.0, 34.9, 44.3)
(5401.0, 34.9, 44.3)
(5416.0, 34.9, 44.3)
(5431.0, 34.9, 44.3)
(5443.0, 34.9, 44.3)
(5458.0, 34.9, 44.3)
(5472.0, 34.9, 44.3)
(5487.0, 34.9, 44.3)
(5501.0, 34.9, 44.3)
(5516.0, 34.9, 44.3)
(5531.0, 34.9, 44.3)
(5546.0, 34.9, 44.3)
(5560.0, 34.9, 44.3)
(5575.0, 34.9, 44.3)
(5589.0, 34.9, 44.3)
(5604.0, 34.9, 44.3)
(5619.0, 34.9, 44.3)
(5633.0, 34.9, 44.3)
(5648.0, 34.9, 44.3)
(5663.0, 34.9, 44.3)
(5677.0, 34.9, 44.3)
(5691.0, 34.9, 44.3)
(5700.0, 34.9, 44.3)
(5714.0, 34.9, 44.3)
(5729.0, 34.9, 44.3)
(5739.0, 34.9, 44.3)
(5753.0, 34.9, 44.3)
(5768.0, 34.9, 44.3)
(5782.0, 34.9, 44.3)
(5797.0, 34.9, 44.3)
(5810.0, 34.9, 44.3)
(5825.0, 34.9, 44.3)
(5840.0, 34.9, 44.3)
(5854.0, 34.9, 44.3)
(5869.0, 34.9, 44.3)
(5882.0, 34.9, 44.3)
(5897.0, 34.9, 44.3)
(5911.0, 34.9, 44.3)
(5924.0, 34.9, 44.3)
(5939.0, 34.9, 44.3)
(5948.0, 34.9, 44.3)
(5962.0, 34.9, 44.3)
(5976.0, 34.9, 44.3)
(5991.0, 34.9, 44.3)
(6005.0, 34.9, 44.3)
(6019.0, 34.9, 44.3)
(6033.0, 34.9, 44.3)
(6048.0, 34.9, 44.3)
(6059.0, 34.9, 44.3)
(6072.0, 34.9, 44.3)
(6087.0, 34.9, 44.3)
(6101.0, 34.9, 44.3)
(6116.0, 34.9, 44.3)
(6131.0, 34.9, 44.3)
(6145.0, 34.9, 44.3)
(6160.0, 34.9, 44.3)
(6169.0, 34.9, 44.3)
(6179.0, 34.9, 44.3)